$ANSIBLE_VAULT;1.1;AES256
30653533616264333039366434353934373638343532393436653735303537663431306561643561
3166333866666231306464363331333934303764363335360a346532633432626531306332336438
36376366326235613465666434636561623932653366633535373232383731376130323234623164
3739326431363036360a613733363633613365316235633365316164373137383930343039666161
64633136343862373934646134393064383462636433333239313262343637303433386535326231
30393634303432396631316631376430393839646637353437636539326433633237333234333134
34666131663034353133366632316634626332303635663765366332646335623433393466353830
30383438393865343965396235393962336164616366663733613066396631626635383533643565
63376564316461396665366230363937613964383739333932386637646636396633363031656664
65353932336537663338316633396662376465343434656131326165356264353232343936333763
37663130366463366333623130643130616134373037336134366663366166373732376533323564
36393933393535396336323334303737393863393130656262616335313333323962663165323836
37633039373530656338663366666633613561643439653766303433663633393139366434613562
33353466613863353561636264306639623266303536663561386431363966333265643835646233
39643432393336656638653234396362626361343962326262376533646565333933366232353739
37663437613165333835383161306661633637393730383434653231393265376131323565393133
66646363663961383536393363656533626261366137646637613665326633343930383862383132
64383133646439636364623562383261333966396630383462633863386330666438626666333261
62323366366461393837363730633831613962333135346334366436656132666230393363336431
63383138393265313837313662303564376663653432626331663537646133616631336335323564
39366530346330663431383938353735343730643361326434663362303566633738383932643934
64363637373164393661323963653232353865663866376565636364376165373961646235643336
63303763643439613661343533653937633134313665366262616136366334366365346639663462
36656261303035383963613435333062383130646165376439323834303832386565376239326362
6562
